(30, 30, 20)
000000000000000000000000000000
000000000000000000000000000000
000000000000000000000000000000
000000000000000000000000000000
000000000000000000000000000000
000000000000000000000000000000
000000000000000000000000000000
000000000000000000000000000000
000000000000000000000000000000
000000000000101000000000000000
000000000011101110000000000000
000000000100000001000000000000
000000000101000101000000000000
000000000011010110000000000000
000000000000000000000000000000
000000000011010110000000000000
000000000101000101000000000000
000000000100010001000000000000
000000000011101110000000000000
000000000000101000000000000000
000000000000000000000000000000
000000000000000000000000000000
000000000000000000000000000000
000000000000000000000000000000
000000000000000000000000000000
000000000000000000000000000000
000000000000000000000000000000
000000000000000000000000000000
000000000000000000000000000000
000000000000000000000000000000